import pandas as pd 
import numpy as np

df = pd.DataFrame({ 
    "Descuentos_Internos":[150000,350000,150000,150000,150000,150000,135000,70000,150000,150000,150000,55000,60000,150000,210000],
    "Descuentos_Externos":[60000,60000,60000,85000,60000,60000,60000,60000,60000,60000,60000,85000,85000,85000,60000],
    "Total_Descuentos":[210000,410000,210000,235000,210000,210000,195000,130000,210000,210000,210000,140000,145000,235000,270000],
    "Sueldo_Base":[660000,660000,660000,660000,660000,1200000,660000,1200000,760000,660000,860000,660000,860000,1200000,660000],
    "Asig_movilizacion":[35000,35000,35000,35000,35000,35000,35000,35000,35000,35000,35000,35000,35000,35000,35000],
    "Asig_Colacion":[55000,55000,55000,55000,55000,55000,55000,55000,55000,55000,55000,55000,55000,55000,55000],
    "HorasExtras":[250000,250000,250000,250000,250000,250000,250000,250000,250000,250000,250000,250000,250000,250000,250000],
    "TotalHaberes":[1000000,1000000,1000000,1000000,1000000,1540000,1000000,1540000,1100000,1000000,1200000,1000000,1200000,1540000,1000000],
    "AlcanceLiquido":[790000,590000,790000,765000,790000,1330000,805000,1410000,890000,790000,990000,860000,1055000,1305000,730000]},
    index=["GABRIEL LOYOLA","ROGELIO MODAK","CAMILA GONZALEZ","FRANCISCA HERNANDEZ","RICARDO MARCHANT","PATRICIO URZUA","BERNARDO ESCOBAR","MANUEL ROA","KATHERINE MUÑOZ","JUAN LOPEZ","DARWIN GONZALEZ","EDGARDO EGLI","MARIANA TAPIA","TATIANA PARRA","JONATHAN GOMEZ"])
